Chip: Alpha A21264C, EV68CB, 1 GHz, 8 MB cache
Operating System: Tru64Unix 5.1-1885
Compiler: Compaq 5.4-1684, -fast -O -tune host

Performance (TFQMR / SSOR)
==========================

unknowns (blocksize)  iterations  CPU sec    error
--------------------  ----------  -------    -----
     4000 (  50)          22        0.035   6.845E-07
     4000 ( 100)          38        0.061   3.493E-08
     4000 ( 200)          50        0.077   1.847E-08
     4000 ( 400)          20        0.032   1.709E-06
     4000 ( 800)          16        0.026   8.728E-06
     4000 (1000)          16        0.026   4.329E-06
    10000 ( 100)          30        0.128   3.591E-07
    10000 ( 200)          54        0.220   8.184E-08
    10000 ( 500)          52        0.212   1.662E-06
    10000 (1000)          20        0.087   1.186E-06
    10000 (2000)          12        0.055   3.996E-07
    50000 ( 100)          30        0.787   3.437E-07
    50000 ( 200)          60        1.550   1.807E-07
    50000 ( 500)          78        3.360   1.398E-07
    50000 (2000)          28        3.090   1.195E-07
    50000 (5000)          16        0.441   4.971E-06

Performance (GMRES / SSOR)
==========================

unknowns (blocksize)  iterations  CPU sec    error
--------------------  ----------  -------    -----
     4000 (  50)          18        0.040   3.639E-06
     4000 ( 100)          24        0.056   4.362E-06
     4000 ( 200)          29        0.068   5.683E-06
     4000 ( 400)          14        0.032   7.271E-06
     4000 ( 800)          12        0.027   3.485E-05
     4000 (1000)          11        0.026   4.099E-05
    10000 ( 100)          25        0.161   3.918E-06
    10000 ( 200)          36        0.254   6.258E-06
    10000 ( 500)          37        0.264   1.047E-05
    10000 (1000)          14        0.091   7.703E-06
    10000 (2000)           9        0.064   6.878E-06
    50000 ( 100)          24        1.210   1.137E-05
    50000 ( 200)          39        2.300   6.052E-06
    50000 ( 500)          47        3.810   1.686E-06
    50000 (2000)          14        1.940   6.971E-07
    50000 (5000)          13        0.663   1.967E-05
