Chip: Alpha 21264C, EV68, 1.25 GHz, 16 MB cache
Operating System: Tru64Unix 5.1-1877
Compiler: Compaq 5.5-1877, -fast -O -tune host

Performance (TFQMR / SSOR)
==========================

unknowns (blocksize)  iterations  CPU sec    error
--------------------  ----------  -------    -----
     4000 (  50)          22        0.030   6.845E-07
     4000 ( 100)          38        0.051   3.493E-08
     4000 ( 200)          50        0.064   1.847E-08
     4000 ( 400)          20        0.027   1.709E-06
     4000 ( 800)          16        0.022   8.728E-06
     4000 (1000)          16        0.022   4.329E-06
    10000 ( 100)          30        0.101   3.591E-07
    10000 ( 200)          54        0.179   8.184E-08
    10000 ( 500)          52        0.173   1.662E-06
    10000 (1000)          20        0.070   1.186E-06
    10000 (2000)          12        0.044   3.996E-07
    50000 ( 100)          30        0.587   3.437E-07
    50000 ( 200)          60        1.150   1.716E-07
    50000 ( 500)          78        2.500   1.398E-07
    50000 (2000)          28        2.460   1.195E-07
    50000 (5000)          16        0.333   4.971E-06

Performance (GMRES / SSOR)
==========================

unknowns (blocksize)  iterations  CPU sec    error
--------------------  ----------  -------    -----
     4000 (  50)          18        0.033   3.639E-06
     4000 ( 100)          24        0.046   4.362E-06
     4000 ( 200)          29        0.055   5.683E-06
     4000 ( 400)          14        0.026   7.271E-06
     4000 ( 800)          12        0.023   3.485E-05
     4000 (1000)          11        0.021   4.099E-05
    10000 ( 100)          25        0.133   3.918E-06
    10000 ( 200)          36        0.202   6.258E-06
    10000 ( 500)          37        0.209   1.047E-05
    10000 (1000)          14        0.075   7.703E-06
    10000 (2000)           9        0.054   6.878E-06
    50000 ( 100)          24        0.900   1.137E-05
    50000 ( 200)          39        1.590   6.052E-06
    50000 ( 500)          47        2.700   1.686E-06
    50000 (2000)          14        1.530   6.971E-07
    50000 (5000)          13        0.530   1.967E-05
