Chip: Alpha A21264, EV67, 667MHz
Operating System: Linux 2.4.13
Compiler: Compaq X1.1.1-1684, -fast -O -tune host

Performance (TFQMR / SSOR)

 4000    50    22    0.056   6.845E-07
 4000   100    38    0.096   3.493E-08
 4000   200    50    0.120   1.847E-08
 4000   400    20    0.051   1.709E-06
 4000   800    16    0.044   8.728E-06
 4000  1000    16    0.040   4.329E-06
10000   100    30    0.192   3.591E-07
10000   200    54    0.360   8.184E-08
10000   500    52    0.353   1.662E-06
10000  1000    20    0.144   1.186E-06
10000  2000    12    0.083   3.996E-07
50000   100    30    1.280   3.437E-07
50000   200    60    2.530   1.807E-07
50000   500    78    5.440   1.398E-07
50000  2000    28    5.110   1.195E-07
50000  5000    16    0.719   4.971E-06

Performance (GMRES / SSOR)

 4000    50    18    0.069   3.639E-06
 4000   100    24    0.088   4.362E-06
 4000   200    29    0.109   5.683E-06
 4000   400    14    0.049   7.271E-06
 4000   800    12    0.045   3.485E-05
 4000  1000    11    0.039   4.099E-05
10000   100    25    0.262   3.918E-06
10000   200    36    0.386   6.258E-06
10000   500    37    0.421   1.047E-05
10000  1000    14    0.143   7.703E-06
10000  2000     9    0.097   6.878E-06
50000   100    24    1.630   1.137E-05
50000   200    39    2.920   6.052E-06
50000   500    47    5.240   1.686E-06
50000  2000    14    3.010   6.971E-07
50000  5000    13    0.958   1.967E-05
