Chip: Alpha A21164, EV56, 500MHz
Operating System: Linux 2.2.8
Compiler: Compaq 1.2.0-1882, -fast -O -tune host

Performance (TFQMR / SSOR)

 4000    50    22    0.211   6.845E-07
 4000   100    38    0.363   3.493E-08
 4000   200    50    0.505   1.847E-08
 4000   400    20    0.199   1.709E-06
 4000   800    16    0.162   8.728E-06
 4000  1000    16    0.151   4.329E-06
10000   100    30    0.826   3.591E-07
10000   200    54    1.450   8.184E-08
10000   500    52    1.440   1.662E-06
10000  1000    20    0.554   1.186E-06
10000  2000    12    0.379   3.996E-07
50000   100    30    5.580   3.437E-07
50000   200    60   10.700   1.901E-07
50000   500    78   21.100   1.398E-07
50000  2000    28   17.800   1.195E-07
50000  5000    16    3.200   4.971E-06

Performance (GMRES / SSOR)

 4000    50    18    0.222   3.639E-06
 4000   100    24    0.306   4.362E-06
 4000   200    29    0.390   5.683E-06
 4000   400    14    0.165   7.271E-06
 4000   800    12    0.144   3.485E-05
 4000  1000    11    0.124   4.099E-05
10000   100    25    1.080   3.918E-06
10000   200    36    1.880   6.258E-06
10000   500    37    1.920   1.047E-05
10000  1000    14    0.554   7.703E-06
10000  2000     9    0.360   6.878E-06
50000   100    24    8.240   1.137E-05
50000   200    39   16.400   6.052E-06
50000   500    47   25.900   1.686E-06
50000  2000    14   11.000   6.971E-07
50000  5000    13    4.080   1.967E-05
