Chip: Alpha A21264A, EV67, 667MHz
Operating System: Tru64Unix 5.1-1877
Compiler: Compaq 5.5-1877, -fast -O -tune host

Performance (TFQMR / SSOR)

 4000    50    22    0.057   6.845E-07
 4000   100    38    0.098   3.493E-08
 4000   200    50    0.128   1.847E-08
 4000   400    20    0.054   1.709E-06
 4000   800    16    0.044   8.728E-06
 4000  1000    16    0.044   4.329E-06
10000   100    30    0.190   3.591E-07
10000   200    54    0.341   8.184E-08
10000   500    52    0.326   1.662E-06
10000  1000    20    0.136   1.186E-06
10000  2000    12    0.085   3.996E-07
50000   100    30    1.330   3.437E-07
50000   200    60    2.570   1.716E-07
50000   500    78    5.050   1.398E-07
50000  2000    28    4.700   1.195E-07
50000  5000    16    0.715   4.971E-06

Performance (GMRES / SSOR)

 4000    50    18    0.063   3.639E-06
 4000   100    24    0.085   4.362E-06
 4000   200    29    0.105   5.683E-06
 4000   400    14    0.055   7.271E-06
 4000   800    12    0.045   3.485E-05
 4000  1000    11    0.041   4.099E-05
10000   100    25    0.246   3.918E-06
10000   200    36    0.379   6.258E-06
10000   500    37    0.381   1.047E-05
10000  1000    14    0.145   7.703E-06
10000  2000     9    0.103   6.878E-06
50000   100    24    1.990   1.137E-05
50000   200    39    3.320   6.052E-06
50000   500    47    5.550   1.686E-06
50000  2000    14    3.180   6.971E-07
50000  5000    13    1.140   1.967E-05
