Chip: Athlon, 1.667 GHz, 256kB L2 cache
Operating System: Win2kSP3, Cygwin 1.3.22
Compiler: Absoft 7.5.2, -O2 -cpu:host

Performance (TFQMR / SSOR)
==========================

unknowns (blocksize)  iterations  CPU sec    error
--------------------  ----------  -------    -----
     4000 (  50)          22        0.094   6.845E-07
     4000 ( 100)          38        0.156   3.493E-08
     4000 ( 200)          50        0.203   1.847E-08
     4000 ( 400)          20        0.078   1.709E-06
     4000 ( 800)          16        0.078   8.728E-06
     4000 (1000)          16        0.063   4.329E-06
    10000 ( 100)          30        0.359   3.591E-07
    10000 ( 200)          54        0.609   8.067E-08
    10000 ( 500)          52        0.609   1.662E-06
    10000 (1000)          20        0.234   1.186E-06
    10000 (2000)          12        0.141   3.996E-07
    50000 ( 100)          30        2.080   3.437E-07
    50000 ( 200)          64        4.050   3.414E-07
    50000 ( 500)          80        8.310   6.484E-08
    50000 (2000)          28        7.670   1.191E-07
    50000 (5000)          16        1.090   4.971E-06

Performance (GMRES / SSOR)
==========================

unknowns (blocksize)  iterations  CPU sec    error
--------------------  ----------  -------    -----
     4000 (  50)          18        0.125   3.639E-06
     4000 ( 100)          24        0.172   4.362E-06
     4000 ( 200)          29        0.219   5.683E-06
     4000 ( 400)          14        0.094   7.271E-06
     4000 ( 800)          12        0.078   3.485E-05
     4000 (1000)          11        0.063   4.099E-05
    10000 ( 100)          25        0.469   3.918E-06
    10000 ( 200)          36        0.797   6.258E-06
    10000 ( 500)          37        0.812   1.047E-05
    10000 (1000)          14        0.281   7.703E-06
    10000 (2000)           9        0.171   6.878E-06
    50000 ( 100)          24        2.970   1.137E-05
    50000 ( 200)          39        6.130   6.052E-06
    50000 ( 500)          47        9.630   1.686E-06
    50000 (2000)          14        4.640   6.971E-07
    50000 (5000)          13        1.530   1.967E-05
