Chip: Athlon, 1.2 GHz, 256kB L2 cache
Operating System: Linux 2.4.17
Compiler: Lahey 6.10b, -O

Performance (TFQMR / SSOR)

 4000    50    22    0.220   6.845E-07
 4000   100    38    0.370   3.493E-08
 4000   200    50    0.480   1.847E-08
 4000   400    20    0.200   1.709E-06
 4000   800    16    0.170   8.728E-06
 4000  1000    16    0.160   4.329E-06
10000   100    30    0.850   3.591E-07
10000   200    54    1.520   8.067E-08
10000   500    52    1.460   1.662E-06
10000  1000    20    0.580   1.186E-06
10000  2000    12    0.360   3.996E-07
50000   100    30    4.600   3.437E-07
50000   200    64    9.630   3.414E-07
50000   500    80   20.400   6.484E-08
50000  2000    28   19.500   1.191E-07
50000  5000    16    2.560   4.971E-06

Performance (GMRES / SSOR)

 4000    50    18    0.210   3.639E-06
 4000   100    24    0.290   4.362E-06
 4000   200    29    0.350   5.683E-06
 4000   400    14    0.170   7.271E-06
 4000   800    12    0.150   3.485E-05
 4000  1000    11    0.130   4.099E-05
10000   100    25    0.840   3.918E-06
10000   200    36    1.270   6.258E-06
10000   500    37    1.320   1.047E-05
10000  1000    14    0.480   7.703E-06
10000  2000     9    0.320   6.878E-06
50000   100    24    5.880   1.137E-05
50000   200    39   10.900   6.052E-06
50000   500    47   19.200   1.686E-06
50000  2000    14   11.200   6.971E-07
50000  5000    13    3.020   1.967E-05
