Chip: Athlon, 1.2 GHz, 256kB L2 cache
Operating System: Linux 2.4.17
Compiler: Absoft 7.5.1, -O2 -cpu:host

Performance (TFQMR / SSOR)

 4000    50    22    0.150   6.845E-07
 4000   100    38    0.250   3.493E-08
 4000   200    50    0.320   1.847E-08
 4000   400    20    0.140   1.709E-06
 4000   800    16    0.110   8.728E-06
 4000  1000    16    0.110   4.329E-06
10000   100    30    0.560   3.591E-07
10000   200    54    1.010   8.067E-08
10000   500    52    0.960   1.662E-06
10000  1000    20    0.400   1.186E-06
10000  2000    12    0.240   3.996E-07
50000   100    30    3.140   3.437E-07
50000   200    64    6.530   3.414E-07
50000   500    80   13.400   6.484E-08
50000  2000    28   11.300   1.191E-07
50000  5000    16    1.740   4.971E-06

Performance (GMRES / SSOR)

 4000    50    18    0.170   3.639E-06
 4000   100    24    0.240   4.362E-06
 4000   200    29    0.330   5.683E-06
 4000   400    14    0.140   7.271E-06
 4000   800    12    0.110   3.485E-05
 4000  1000    11    0.100   4.099E-05
10000   100    25    0.730   3.918E-06
10000   200    36    1.180   6.258E-06
10000   500    37    1.230   1.047E-05
10000  1000    14    0.380   7.703E-06
10000  2000     9    0.240   6.878E-06
50000   100    24    4.950   1.137E-05
50000   200    39    9.870   6.052E-06
50000   500    47   16.100   1.686E-06
50000  2000    14    7.240   6.971E-07
50000  5000    13    2.420   1.967E-05
