Chip: Itanium 2, 1.0 GHz, 256 kB L2 cache, 1.5 MB L3 cache
Operating System: Linux 2.4.18
Compiler: Intel 7.0.076, -tpp2 -Vaxlib -O3

Performance (TFQMR / SSOR)
==========================

unknowns (blocksize)  iterations  CPU sec    error
--------------------  ----------  -------    -----
     4000 (  50)          22        0.168   6.845E-07
     4000 ( 100)          38        0.279   3.493E-08
     4000 ( 200)          50        0.364   1.847E-08
     4000 ( 400)          20        0.154   1.709E-06
     4000 ( 800)          16        0.122   8.728E-06
     4000 (1000)          16        0.122   4.329E-06
    10000 ( 100)          30        0.558   3.591E-07
    10000 ( 200)          54        0.984   8.034E-08
    10000 ( 500)          52        0.949   1.662E-06
    10000 (1000)          20        0.377   1.186E-06
    10000 (2000)          12        0.234   3.996E-07
    50000 ( 100)          30        2.880   3.437E-07
    50000 ( 200)          60        5.660   3.172E-07
    50000 ( 500)          80       14.700   2.733E-08
    50000 (2000)          28       15.400   1.199E-07
    50000 (5000)          16        1.580   4.971E-06

Performance (GMRES / SSOR)
==========================

unknowns (blocksize)  iterations  CPU sec    error
--------------------  ----------  -------    -----
     4000 (  50)          18        0.141   3.639E-06
     4000 ( 100)          24        0.190   4.362E-06
     4000 ( 200)          29        0.229   5.683E-06
     4000 ( 400)          14        0.113   7.271E-06
     4000 ( 800)          12        0.099   3.485E-05
     4000 (1000)          11        0.091   4.099E-05
    10000 ( 100)          25        0.499   3.918E-06
    10000 ( 200)          36        0.720   6.258E-06
    10000 ( 500)          37        0.739   1.047E-05
    10000 (1000)          14        0.285   7.703E-06
    10000 (2000)           9        0.191   6.878E-06
    50000 ( 100)          24        2.530   1.137E-05
    50000 ( 200)          39        4.050   6.052E-06
    50000 ( 500)          47        9.230   1.686E-06
    50000 (2000)          14        8.220   6.971E-07
    50000 (5000)          13        1.420   1.967E-05
