Chip: Itanium 2, 1.0 GHz, ???kB L2 cache
Operating System: Linux 2.4.18
Compiler: Intel 7.0.083, -cm -w -Vaxlib -O3

Performance (TFQMR / SSOR)
==========================

unknowns (blocksize)  iterations  CPU sec    error
--------------------  ----------  -------    -----
     4000 (  50)          22        0.131   6.845E-07
     4000 ( 100)          38        0.222   3.493E-08
     4000 ( 200)          50        0.290   1.847E-08
     4000 ( 400)          20        0.120   1.709E-06
     4000 ( 800)          16        0.097   8.728E-06
     4000 (1000)          16        0.097   4.329E-06
    10000 ( 100)          30        0.441   3.591E-07
    10000 ( 200)          54        0.782   8.034E-08
    10000 ( 500)          52        0.757   1.662E-06
    10000 (1000)          20        0.302   1.186E-06
    10000 (2000)          12        0.187   3.996E-07
    50000 ( 100)          30        2.310   3.437E-07
    50000 ( 200)          60        4.560   3.172E-07
    50000 ( 500)          80       11.700   2.733E-08
    50000 (2000)          28       12.300   1.199E-07
    50000 (5000)          16        1.260   4.971E-06

Performance (GMRES / SSOR)
==========================

unknowns (blocksize)  iterations  CPU sec    error
--------------------  ----------  -------    -----
     4000 (  50)          18        0.114   3.639E-06
     4000 ( 100)          24        0.151   4.362E-06
     4000 ( 200)          29        0.183   5.683E-06
     4000 ( 400)          14        0.090   7.271E-06
     4000 ( 800)          12        0.077   3.485E-05
     4000 (1000)          11        0.071   4.099E-05
    10000 ( 100)          25        0.398   3.918E-06
    10000 ( 200)          36        0.572   6.258E-06
    10000 ( 500)          37        0.588   1.047E-05
    10000 (1000)          14        0.227   7.703E-06
    10000 (2000)           9        0.150   6.878E-06
    50000 ( 100)          24        2.020   1.137E-05
    50000 ( 200)          39        3.290   6.052E-06
    50000 ( 500)          47        7.330   1.686E-06
    50000 (2000)          14        6.440   6.971E-07
    50000 (5000)          13        1.130   1.967E-05
