Chip: MIPS R10000, 194 MHz, 2MB L2 cache
Operating System: Irix 6.5.11f
Compiler: SGI 7.3.1.2m, -Ofast

Performance (TFQMR / SSOR)

 4000    50    22    0.121   6.845E-07
 4000   100    38    0.209   3.493E-08
 4000   200    50    0.269   1.847E-08
 4000   400    20    0.110   1.709E-06
 4000   800    16    0.090   8.728E-06
 4000  1000    16    0.105   4.329E-06
10000   100    30    0.661   3.591E-07
10000   200    54    1.180   8.067E-08
10000   500    52    1.130   1.662E-06
10000  1000    20    0.451   1.186E-06
10000  2000    12    0.268   3.996E-07
50000   100    30    5.140   3.437E-07
50000   200    64   11.000   3.496E-07
50000   500    80   20.300   6.484E-08
50000  2000    28   16.800   1.191E-07
50000  5000    16    2.840   4.971E-06

Performance (GMRES / SSOR)

 4000    50    18    0.166   3.639E-06
 4000   100    24    0.231   4.362E-06
 4000   200    29    0.324   5.683E-06
 4000   400    14    0.112   7.271E-06
 4000   800    12    0.094   3.485E-05
 4000  1000    11    0.085   4.099E-05
10000   100    25    0.949   3.918E-06
10000   200    36    1.610   6.258E-06
10000   500    37    1.710   1.047E-05
10000  1000    14    0.411   7.703E-06
10000  2000     9    0.235   6.878E-06
50000   100    24    7.250   1.137E-05
50000   200    39   15.300   6.052E-06
50000   500    47   24.600   1.686E-06
50000  2000    14    9.640   6.971E-07
50000  5000    13    3.170   1.967E-05
