Chip: Pentium III, 1.0 GHz, 256kB L2 cache
Operating System: Linux 2.4.9
Compiler: Lahey 6.10b, -O -tpp

Performance (TFQMR / SSOR)

 4000    50    22    0.260   6.845E-07
 4000   100    38    0.450   3.493E-08
 4000   200    50    0.590   1.847E-08
 4000   400    20    0.250   1.709E-06
 4000   800    16    0.200   8.728E-06
 4000  1000    16    0.190   4.329E-06
10000   100    30    1.130   3.591E-07
10000   200    54    2.010   8.067E-08
10000   500    52    1.920   1.662E-06
10000  1000    20    0.770   1.186E-06
10000  2000    12    0.490   3.996E-07
50000   100    30    6.030   3.437E-07
50000   200    64   12.600   3.414E-07
50000   500    80   27.100   6.484E-08
50000  2000    28   23.300   1.191E-07
50000  5000    16    3.240   4.971E-06

Performance (GMRES / SSOR)

 4000    50    18    0.250   3.639E-06
 4000   100    24    0.330   4.362E-06
 4000   200    29    0.420   5.683E-06
 4000   400    14    0.190   7.271E-06
 4000   800    12    0.170   3.485E-05
 4000  1000    11    0.150   4.099E-05
10000   100    25    1.140   3.918E-06
10000   200    36    1.820   6.258E-06
10000   500    37    1.870   1.047E-05
10000  1000    14    0.620   7.703E-06
10000  2000     9    0.420   6.878E-06
50000   100    24    8.290   1.137E-05
50000   200    39   15.500   6.052E-06
50000   500    47   26.500   1.686E-06
50000  2000    14   13.300   6.971E-07
50000  5000    13    3.950   1.967E-05
