Chip: Pentium IIIM, 850 MHz, 256kB L2 cache
Operating System: Win2kSP3, Cygwin 1.3.12
Compiler: Lahey 5.60h, -O1 -tpp

Performance (TFQMR / SSOR)

 4000    50    22    0.320   6.845E-07
 4000   100    38    0.551   3.493E-08
 4000   200    50    0.751   1.847E-08
 4000   400    20    0.320   1.709E-06
 4000   800    16    0.260   8.728E-06
 4000  1000    16    0.270   4.329E-06
10000   100    30    1.520   3.591E-07
10000   200    54    2.640   8.067E-08
10000   500    52    2.550   1.662E-06
10000  1000    20    1.240   1.186E-06
10000  2000    12    0.651   3.996E-07
50000   100    30   10.300   3.437E-07
50000   200    64   18.300   3.414E-07
50000   500    80   35.800   6.484E-08
50000  2000    28   31.800   1.191E-07
50000  5000    16    4.910   4.971E-06

Performance (GMRES / SSOR)

 4000    50    18    0.330   3.639E-06
 4000   100    24    0.481   4.362E-06
 4000   200    29    0.581   5.683E-06
 4000   400    14    0.250   7.271E-06
 4000   800    12    0.220   3.485E-05
 4000  1000    11    0.200   4.099E-05
10000   100    25    1.400   3.918E-06
10000   200    36    2.130   6.258E-06
10000   500    37    2.220   1.047E-05
10000  1000    14    0.961   7.703E-06
10000  2000     9    0.571   6.878E-06
50000   100    24    9.700   1.137E-05
50000   200    39   17.800   6.052E-06
50000   500    47   31.600   1.686E-06
50000  2000    14   18.800   6.971E-07
50000  5000    13    5.360   1.967E-05
