Chip: Pentium IIIM, 850 MHz, 256kB L2 cache
Operating System: Win2kSP3, Cygwin 1.3.13
Compiler: Intel 7.0.067
Compiler options:
(1) /O3
(2) /O3 /G6 /QaxK /QxK /Qip

Performance (TFQMR / SSOR)

unknowns     iterations             (1)      (2)    speedup
       blocksize       residual

   4000    50    22   6.845E-07    0.210    0.190     1.11
   4000   100    38   3.493E-08    0.371    0.340     1.09
   4000   200    50   1.847E-08    0.471    0.421     1.12
   4000   400    20   1.709E-06    0.190    0.180     1.06
   4000   800    16   8.728E-06    0.160    0.160     1.00
   4000  1000    16   4.329E-06    0.150    0.140     1.07
  10000   100    30   3.591E-07    0.941    0.811     1.16
  10000   200    54   8.067E-08    1.710    1.400     1.22
  10000   500    52   1.662E-06    1.620    1.380     1.17
  10000  1000    20   1.186E-06    0.651    0.551     1.18
  10000  2000    12   3.996E-07    0.401    0.330     1.22
  50000   100    30   3.437E-07    5.590    4.990     1.12
  50000   200    64   3.602E-07   11.800   10.200     1.16
  50000   500    80   6.484E-08   22.800   20.000     1.14
  50000  2000    28   1.191E-07   19.900   17.300     1.15
  50000  5000    16   4.971E-06    3.190    2.730     1.17
				             	    		   
Performance (GMRES / SSOR) 

unknowns     iterations             (1)      (2)    speedup
       blocksize       residual

   4000    50    18   3.639E-06    0.200    0.190     1.05
   4000   100    24   4.362E-06    0.300    0.260     1.15
   4000   200    29   5.683E-06    0.381    0.330     1.15
   4000   400    14   7.271E-06    0.160    0.150     1.07
   4000   800    12   3.485E-05    0.130    0.140     0.93
   4000  1000    11   4.099E-05    0.130    0.120     1.08
  10000   100    25   3.918E-06    0.991    0.851     1.16
  10000   200    36   6.258E-06    1.620    1.360     1.19
  10000   500    37   1.047E-05    1.660    1.400     1.19
  10000  1000    14   7.703E-06    0.591    0.501     1.18
  10000  2000     9   6.878E-06    0.371    0.330     1.12
  50000   100    24   1.137E-05    8.710    7.860     1.11
  50000   200    39   6.052E-06   17.100   15.200     1.13
  50000   500    47   1.686E-06   27.500   24.600     1.12
  50000  2000    14   6.971E-07   12.100   10.800     1.12
  50000  5000    13   1.967E-05    4.300    3.890     1.11


awk one-liner used to compute speedup:

awk '{printf "%8d %6d %5.2f\n", $1, $2, $4/$5}' blorp.txt
