Chip: Pentium III, 1.0 GHz, 256kB L2 cache
Operating System: Linux 2.4.18
Compiler: Intel 7.0.064, -tpp6 -Vaxlib -O3

Performance (TFQMR / SSOR)
==========================

unknowns (blocksize)  iterations  CPU sec    error
--------------------  ----------  -------    -----
     4000 (  50)          22        0.150   6.845E-07
     4000 ( 100)          38        0.240   3.493E-08
     4000 ( 200)          50        0.320   1.847E-08
     4000 ( 400)          20        0.140   1.709E-06
     4000 ( 800)          16        0.100   8.728E-06
     4000 (1000)          16        0.110   4.329E-06
    10000 ( 100)          30        0.610   3.591E-07
    10000 ( 200)          54        1.080   7.767E-08
    10000 ( 500)          52        1.030   1.662E-06
    10000 (1000)          20        0.410   1.186E-06
    10000 (2000)          12        0.250   3.996E-07
    50000 ( 100)          30        3.580   3.437E-07
    50000 ( 200)          58        6.660   1.662E-07
    50000 ( 500)          82       15.000   1.694E-08
    50000 (2000)          28       13.000   1.189E-07
    50000 (5000)          16        2.020   4.971E-06

Performance (GMRES / SSOR)
==========================

unknowns (blocksize)  iterations  CPU sec    error
--------------------  ----------  -------    -----
     4000 (  50)          18        0.150   3.639E-06
     4000 ( 100)          24        0.190   4.362E-06
     4000 ( 200)          29        0.250   5.683E-06
     4000 ( 400)          14        0.110   7.271E-06
     4000 ( 800)          12        0.090   3.485E-05
     4000 (1000)          11        0.090   4.099E-05
    10000 ( 100)          25        0.730   3.918E-06
    10000 ( 200)          36        1.030   6.258E-06
    10000 ( 500)          37        1.190   1.047E-05
    10000 (1000)          14        0.340   7.703E-06
    10000 (2000)           9        0.230   6.878E-06
    50000 ( 100)          24        5.000   1.137E-05
    50000 ( 200)          39        9.750   6.052E-06
    50000 ( 500)          47       16.000   1.686E-06
    50000 (2000)          14        7.590   6.971E-07
    50000 (5000)          13        2.450   1.967E-05
