Chip: Pentium IIIM, 850 MHz, 256kB L2 cache
Operating System: Win2kSP3, Cygwin 1.3.12
Compiler: Lahey 5.70b, -O1 -tpp

Performance (TFQMR / SSOR)

 4000    50    22    0.431   6.845E-07
 4000   100    38    0.751   3.493E-08
 4000   200    50    0.971   1.847E-08
 4000   400    20    0.391   1.709E-06
 4000   800    16    0.351   8.728E-06
 4000  1000    16    0.330   4.329E-06
10000   100    30    1.790   3.591E-07
10000   200    54    3.720   8.067E-08
10000   500    52    3.560   1.662E-06
10000  1000    20    1.170   1.186E-06
10000  2000    12    0.871   3.996E-07
50000   100    30   11.300   3.437E-07
50000   200    64   20.300   3.414E-07
50000   500    80   47.300   6.484E-08
50000  2000    28   45.300   1.191E-07
50000  5000    16    5.170   4.971E-06

Performance (GMRES / SSOR)

 4000    50    18    0.401   3.639E-06
 4000   100    24    0.551   4.362E-06
 4000   200    29    0.661   5.683E-06
 4000   400    14    0.300   7.271E-06
 4000   800    12    0.260   3.485E-05
 4000  1000    11    0.260   4.099E-05
10000   100    25    2.240   3.918E-06
10000   200    36    3.370   6.258E-06
10000   500    37    2.890   1.047E-05
10000  1000    14    1.030   7.703E-06
10000  2000     9    0.791   6.878E-06
50000   100    24   12.400   1.137E-05
50000   200    39   24.900   6.052E-06
50000   500    47   44.900   1.686E-06
50000  2000    14   25.600   6.971E-07
50000  5000    13    6.340   1.967E-05
