Chip: PowerPC 604, 332 MHz
Operating System: AIX 4.3
Compiler: XLF 7.01, -O3 -qalias=nointptr:std:noaryovrlp

Performance (TFQMR / SSOR)

 4000    50    22    0.310   6.845E-07
 4000   100    38    0.620   3.493E-08
 4000   200    50    0.830   1.847E-08
 4000   400    20    0.330   1.709E-06
 4000   800    16    0.310   8.728E-06
 4000  1000    16    0.320   4.329E-06
10000   100    30    1.420   3.591E-07
10000   200    54    2.420   8.500E-08
10000   500    52    2.410   1.662E-06
10000  1000    20    1.010   1.186E-06
10000  2000    12    0.590   3.996E-07
50000   100    30    7.450   3.437E-07
50000   200    68   16.700   1.729E-07
50000   500    78   31.700   1.929E-07
50000  2000    28   27.300   1.191E-07
50000  5000    16    4.390   4.971E-06

Performance (GMRES / SSOR)

 4000    50    18    0.390   3.639E-06
 4000   100    24    0.540   4.362E-06
 4000   200    29    0.610   5.683E-06
 4000   400    14    0.300   7.271E-06
 4000   800    12    0.230   3.485E-05
 4000  1000    11    0.210   4.099E-05
10000   100    25    1.550   3.918E-06
10000   200    36    2.460   6.258E-06
10000   500    37    2.340   1.047E-05
10000  1000    14    0.900   7.703E-06
10000  2000     9    0.510   6.878E-06
50000   100    24    9.480   1.137E-05
50000   200    39   17.400   6.052E-06
50000   500    47   28.700   1.686E-06
50000  2000    14   15.600   6.971E-07
50000  5000    13    5.070   1.967E-05
