Chip: PowerPC G4, 1 GHz, 256kB L2 cache, 2MB L3 cache
Operating System: Mac OS X 10.1.S, Darwin 5.5
Compiler: Absoft 7.0b, -O

Performance (TFQMR / SSOR)

 4000    50    22    0.160   6.845E-07
 4000   100    38    0.270   3.493E-08
 4000   200    50    0.360   1.847E-08
 4000   400    20    0.140   1.709E-06
 4000   800    16    0.120   8.728E-06
 4000  1000    16    0.130   4.329E-06
10000   100    30    0.560   3.591E-07
10000   200    54    0.990   8.500E-08
10000   500    52    0.960   1.662E-06
10000  1000    20    0.380   1.186E-06
10000  2000    12    0.250   3.996E-07
50000   100    30    3.450   3.437E-07
50000   200    68    7.540   1.912E-07
50000   500    78   14.700   1.929E-07
50000  2000    28   14.300   1.191E-07
50000  5000    16    1.910   4.971E-06

Performance (GMRES / SSOR)

 4000    50    18    0.200   3.639E-06
 4000   100    24    0.290   4.362E-06
 4000   200    29    0.360   5.683E-06
 4000   400    14    0.160   7.271E-06
 4000   800    12    0.130   3.485E-05
 4000  1000    11    0.120   4.099E-05
10000   100    25    0.810   3.918E-06
10000   200    36    1.350   6.258E-06
10000   500    37    1.380   1.047E-05
10000  1000    14    0.410   7.703E-06
10000  2000     9    0.270   6.878E-06
50000   100    24    4.850   1.137E-05
50000   200    39    9.190   6.052E-06
50000   500    47   15.500   1.686E-06
50000  2000    14    8.520   6.971E-07
50000  5000    13    2.540   1.967E-05
