Chip: UltraSPARC IIi, 300 MHz
Operating System: Solaris 5.6
Compiler: Sun 6.2, -fast

Performance (TFQMR / SSOR)

 4000    50    22    0.421   6.845E-07
 4000   100    38    0.748   3.493E-08
 4000   200    50    0.964   1.847E-08
 4000   400    20    0.382   1.709E-06
 4000   800    16    0.315   8.728E-06
 4000  1000    16    0.317   4.329E-06
10000   100    30    1.850   3.591E-07
10000   200    54    2.980   7.691E-08
10000   500    52    3.130   1.662E-06
10000  1000    20    1.170   1.186E-06
10000  2000    12    0.755   3.996E-07
50000   100    30   10.300   3.437E-07
50000   200    66   20.800   3.206E-07
50000   500    82   42.600   1.029E-07
50000  2000    28   39.000   1.184E-07
50000  5000    16    5.030   4.971E-06

Performance (GMRES / SSOR)

 4000    50    18    0.403   3.639E-06
 4000   100    24    0.582   4.362E-06
 4000   200    29    0.690   5.683E-06
 4000   400    14    0.321   7.271E-06
 4000   800    12    0.309   3.485E-05
 4000  1000    11    0.291   4.099E-05
10000   100    25    1.870   3.918E-06
10000   200    36    2.930   6.258E-06
10000   500    37    2.850   1.047E-05
10000  1000    14    1.060   7.703E-06
10000  2000     9    0.735   6.878E-06
50000   100    24   13.100   1.137E-05
50000   200    39   20.500   6.052E-06
50000   500    47   34.400   1.686E-06
50000  2000    14   23.900   6.971E-07
50000  5000    13    6.630   1.967E-05
