Chip: UltraSPARC IIi, 300 MHz
Operating System: Solaris 5.6
Compiler: Sun 6.0, -fast

Performance (TFQMR / SSOR)

 4000    50    22    0.458   6.845E-07
 4000   100    38    0.778   3.493E-08
 4000   200    50    1.050   1.847E-08
 4000   400    20    0.428   1.709E-06
 4000   800    16    0.464   8.728E-06
 4000  1000    16    0.343   4.329E-06
10000   100    30    1.830   3.591E-07
10000   200    54    3.120   8.204E-08
10000   500    52    2.920   1.662E-06
10000  1000    20    1.220   1.186E-06
10000  2000    12    0.739   3.996E-07
50000   100    30   12.100   3.437E-07
50000   200    68   23.700   2.464E-07
50000   500    78   50.500   1.031E-07
50000  2000    28   42.700   1.191E-07
50000  5000    16    5.300   4.971E-06

Performance (GMRES / SSOR)

 4000    50    18    0.445   3.639E-06
 4000   100    24    0.587   4.362E-06
 4000   200    29    0.845   5.683E-06
 4000   400    14    0.343   7.271E-06
 4000   800    12    0.299   3.485E-05
 4000  1000    11    0.275   4.099E-05
10000   100    25    1.790   3.918E-06
10000   200    36    2.840   6.258E-06
10000   500    37    3.320   1.047E-05
10000  1000    14    1.160   7.703E-06
10000  2000     9    0.824   6.878E-06
50000   100    24   13.700   1.137E-05
50000   200    39   23.100   6.052E-06
50000   500    47   42.200   1.686E-06
50000  2000    14   25.000   6.971E-07
50000  5000    13    6.930   1.967E-05
