Chip: Xeon, 3.06 GHz, 256kB L2 cache
Operating System: Win2kSP3, Cygwin 1.3.22
Compiler: Intel 7.0.092, /O3 /QaxW /QxW /Qip

Performance (TFQMR / SSOR)
==========================

unknowns (blocksize)  iterations  CPU sec    error
--------------------  ----------  -------    -----
     4000 (  50)          22        0.047   6.845E-07
     4000 ( 100)          38        0.109   3.493E-08
     4000 ( 200)          50        0.109   1.847E-08
     4000 ( 400)          20        0.047   1.709E-06
     4000 ( 800)          16        0.047   8.728E-06
     4000 (1000)          16        0.031   4.329E-06
    10000 ( 100)          30        0.172   3.591E-07
    10000 ( 200)          54        0.312   8.067E-08
    10000 ( 500)          52        0.281   1.662E-06
    10000 (1000)          20        0.125   1.186E-06
    10000 (2000)          12        0.078   3.996E-07
    50000 ( 100)          30        1.020   3.437E-07
    50000 ( 200)          64        2.120   3.602E-07
    50000 ( 500)          80        4.590   6.484E-08
    50000 (2000)          28        4.580   1.191E-07
    50000 (5000)          16        0.562   4.971E-06

Performance (GMRES / SSOR)
==========================

unknowns (blocksize)  iterations  CPU sec    error
--------------------  ----------  -------    -----
     4000 (  50)          18        0.047   3.639E-06
     4000 ( 100)          24        0.062   4.362E-06
     4000 ( 200)          29        0.094   5.683E-06
     4000 ( 400)          14        0.031   7.271E-06
     4000 ( 800)          12        0.047   3.485E-05
     4000 (1000)          11        0.031   4.099E-05
    10000 ( 100)          25        0.187   3.918E-06
    10000 ( 200)          36        0.266   6.258E-06
    10000 ( 500)          37        0.281   1.047E-05
    10000 (1000)          14        0.094   7.703E-06
    10000 (2000)           9        0.078   6.878E-06
    50000 ( 100)          24        1.390   1.137E-05
    50000 ( 200)          39        2.450   6.052E-06
    50000 ( 500)          47        4.410   1.686E-06
    50000 (2000)          14        2.700   6.971E-07
    50000 (5000)          13        0.687   1.967E-05
