Chip: Xeon, 1.7 GHz, 256kB L2 cache
Operating System: Win2kSP2, Cygwin 1.3.10
Compiler: Absoft 7.5.1, -O2 -cpu:host

Performance (TFQMR / SSOR)

 4000    50    22    0.093   6.845E-07
 4000   100    38    0.172   3.493E-08
 4000   200    50    0.204   1.847E-08
 4000   400    20    0.094   1.709E-06
 4000   800    16    0.078   8.728E-06
 4000  1000    16    0.078   4.329E-06
10000   100    30    0.344   3.591E-07
10000   200    54    0.594   8.067E-08
10000   500    52    0.656   1.662E-06
10000  1000    20    0.234   1.186E-06
10000  2000    12    0.141   3.996E-07
50000   100    30    1.700   3.437E-07
50000   200    64    3.550   3.414E-07
50000   500    80    7.730   6.484E-08
50000  2000    28    7.580   1.191E-07
50000  5000    16    0.985   4.971E-06

Performance (GMRES / SSOR)

 4000    50    18    0.140   3.639E-06
 4000   100    24    0.187   4.362E-06
 4000   200    29    0.234   5.683E-06
 4000   400    14    0.094   7.271E-06
 4000   800    12    0.094   3.485E-05
 4000  1000    11    0.078   4.099E-05
10000   100    25    0.500   3.918E-06
10000   200    36    0.828   6.258E-06
10000   500    37    0.890   1.047E-05
10000  1000    14    0.265   7.703E-06
10000  2000     9    0.172   6.878E-06
50000   100    24    2.890   1.137E-05
50000   200    39    5.080   6.052E-06
50000   500    47    8.800   1.686E-06
50000  2000    14    4.730   6.971E-07
50000  5000    13    1.520   1.967E-05
