Chip: Xeon, 1.7 GHz, 256kB L2 cache
Operating System: Win2kSP3, Cygwin 1.3.13
Compiler: Intel 7.0.067
Compiler options:
(1) /O3
(2) /O3 /QaxW /QxW /Qip

Performance (TFQMR / SSOR)

unknowns     iterations             (1)      (2)    speedup
       blocksize       residual

   4000    50    22   6.845E-07    0.094    0.094     1.00
   4000   100    38   3.493E-08    0.156    0.156     1.00
   4000   200    50   1.847E-08    0.203    0.203     1.00
   4000   400    20   1.709E-06    0.094    0.094     1.00
   4000   800    16   8.728E-06    0.062    0.078     0.79
   4000  1000    16   4.329E-06    0.078    0.078     1.00
  10000   100    30   3.591E-07    0.328    0.344     0.95
  10000   200    54   8.067E-08    0.609    0.594     1.03
  10000   500    52   1.662E-06    0.594    0.594     1.00
  10000  1000    20   1.186E-06    0.234    0.250     0.94
  10000  2000    12   3.996E-07    0.156    0.141     1.11
  50000   100    30   3.437E-07    1.890    1.860     1.02
  50000   200    64   3.414E-07    3.920    3.840     1.02
  50000   500    80   6.484E-08    8.670    8.670     1.00
  50000  2000    28   1.191E-07    8.880    8.780     1.01
  50000  5000    16   4.971E-06    1.060    1.080     0.98
				             	    		   
Performance (GMRES / SSOR) 

unknowns     iterations             (1)      (2)    speedup
       blocksize       residual
				             
   4000    50    18   3.639E-06    0.078    0.094     0.83
   4000   100    24   4.362E-06    0.109    0.125     0.87
   4000   200    29   5.683E-06    0.156    0.156     1.00
   4000   400    14   7.271E-06    0.031    0.078     0.40
   4000   800    12   3.485E-05    0.062    0.062     1.00
   4000  1000    11   4.099E-05    0.047    0.062     0.76
  10000   100    25   3.918E-06    0.344    0.359     0.96
  10000   200    36   6.258E-06    0.516    0.562     0.92
  10000   500    37   1.047E-05    0.516    0.547     0.94
  10000  1000    14   7.703E-06    0.156    0.219     0.71
  10000  2000     9   6.878E-06    0.125    0.156     0.80
  50000   100    24   1.137E-05    2.200    2.310     0.95
  50000   200    39   6.052E-06    3.970    4.140     0.96
  50000   500    47   1.686E-06    7.470    7.580     0.99
  50000  2000    14   6.971E-07    4.970    5.090     0.98
  50000  5000    13   1.967E-05    1.300    1.340     0.97
