Chip: Xeon, 1.4 GHz, 256kB L2 cache
Operating System: Linux 2.4.18
Compiler: Lahey 6.10d, -O -tpp

Performance (TFQMR / SSOR)

 4000    50    22    0.200   6.845E-07
 4000   100    38    0.360   3.493E-08
 4000   200    50    0.430   1.847E-08
 4000   400    20    0.180   1.709E-06
 4000   800    16    0.160   8.728E-06
 4000  1000    16    0.140   4.329E-06
10000   100    30    0.710   3.591E-07
10000   200    54    1.250   8.067E-08
10000   500    52    1.290   1.662E-06
10000  1000    20    0.500   1.186E-06
10000  2000    12    0.310   3.996E-07
50000   100    30    4.010   3.437E-07
50000   200    64    8.450   3.414E-07
50000   500    80   18.100   6.484E-08
50000  2000    28   18.200   1.191E-07
50000  5000    16    2.300   4.971E-06

Performance (GMRES / SSOR)

 4000    50    18    0.180   3.639E-06
 4000   100    24    0.260   4.362E-06
 4000   200    29    0.320   5.683E-06
 4000   400    14    0.140   7.271E-06
 4000   800    12    0.130   3.485E-05
 4000  1000    11    0.120   4.099E-05
10000   100    25    0.720   3.918E-06
10000   200    36    1.090   6.258E-06
10000   500    37    1.120   1.047E-05
10000  1000    14    0.450   7.703E-06
10000  2000     9    0.270   6.878E-06
50000   100    24    5.130   1.137E-05
50000   200    39   10.100   6.052E-06
50000   500    47   17.200   1.686E-06
50000  2000    14    9.770   6.971E-07
50000  5000    13    2.570   1.967E-05
