Chip: Xeon, 1.7 GHz, 256kB L2 cache
Operating System: Win2kSP3, Cygwin 1.3.12
Compiler: Lahey 5.7, -O1, -tpp

Performance (TFQMR / SSOR)

 4000    50    22    0.297   6.845E-07
 4000   100    38    0.516   3.493E-08
 4000   200    50    0.641   1.847E-08
 4000   400    20    0.281   1.709E-06
 4000   800    16    0.219   8.728E-06
 4000  1000    16    0.219   4.329E-06
10000   100    30    1.020   3.591E-07
10000   200    54    1.800   8.067E-08
10000   500    52    1.750   1.662E-06
10000  1000    20    0.703   1.186E-06
10000  2000    12    0.453   3.996E-07
50000   100    30    5.500   3.437E-07
50000   200    64   12.800   3.414E-07
50000   500    80   31.700   6.484E-08
50000  2000    28   30.300   1.191E-07
50000  5000    16    2.860   4.971E-06

Performance (GMRES / SSOR)

 4000    50    18    0.250   3.639E-06
 4000   100    24    0.344   4.362E-06
 4000   200    29    0.422   5.683E-06
 4000   400    14    0.203   7.271E-06
 4000   800    12    0.172   3.485E-05
 4000  1000    11    0.172   4.099E-05
10000   100    25    1.120   3.918E-06
10000   200    36    1.620   6.258E-06
10000   500    37    1.690   1.047E-05
10000  1000    14    0.594   7.703E-06
10000  2000     9    0.391   6.878E-06
50000   100    24    5.020   1.137E-05
50000   200    39    8.340   6.052E-06
50000   500    47   17.400   1.686E-06
50000  2000    14   13.800   6.971E-07
50000  5000    13    2.860   1.967E-05
