Chip: Xeon, 1.4 GHz, 256kB L2 cache
Operating System: Linux 2.4.18
Compiler: Lahey 6.00c, -O -tpp

Performance (TFQMR / SSOR)

 4000    50    22    0.190   6.845E-07
 4000   100    38    0.440   3.493E-08
 4000   200    50    0.430   1.847E-08
 4000   400    20    0.190   1.709E-06
 4000   800    16    0.180   8.728E-06
 4000  1000    16    0.130   4.329E-06
10000   200    54    1.320   8.067E-08
10000   500    52    1.270   1.662E-06
10000   100    30    0.730   3.591E-07
10000  1000    20    0.500   1.186E-06
10000  2000    12    0.390   3.996E-07
50000   100    30    4.550   3.437E-07
50000   200    64    9.730   3.414E-07
50000   500    80   19.700   6.484E-08
50000  2000    28   17.800   1.191E-07
50000  5000    16    2.500   4.971E-06

Performance (GMRES / SSOR)

 4000    50    18    0.190   3.639E-06
 4000   100    24    0.250   4.362E-06
 4000   200    29    0.360   5.683E-06
 4000   400    14    0.140   7.271E-06
 4000   800    12    0.130   3.485E-05
 4000  1000    11    0.110   4.099E-05
10000   100    25    0.740   3.918E-06
10000   200    36    1.070   6.258E-06
10000   500    37    1.350   1.047E-05
10000  1000    14    0.410   7.703E-06
10000  2000     9    0.270   6.878E-06
50000   100    24    5.580   1.137E-05
50000   200    39    8.040   6.052E-06
50000   500    47   14.900   1.686E-06
50000  2000    14   10.100   6.971E-07
50000  5000    13    2.550   1.967E-05
