Chip: Xeon, 2.4 GHz, 512kB L2 cache
Operating System: Linux 2.4.18
Compiler: Lahey 6.10d, -O -tpp

Performance (TFQMR / SSOR)

 4000    50    22    0.110   6.845E-07
 4000   100    38    0.190   3.493E-08
 4000   200    50    0.250   1.847E-08
 4000   400    20    0.100   1.709E-06
 4000   800    16    0.090   8.728E-06
 4000  1000    16    0.090   4.329E-06
10000   100    30    0.390   3.591E-07
10000   200    54    0.700   8.067E-08
10000   500    52    0.680   1.662E-06
10000  1000    20    0.270   1.186E-06
10000  2000    12    0.180   3.996E-07
50000   100    30    2.350   3.437E-07
50000   200    64    4.880   3.414E-07
50000   500    80   10.700   6.484E-08
50000  2000    28   11.000   1.191E-07
50000  5000    16    1.310   4.971E-06

Performance (GMRES / SSOR)

 4000    50    18    0.110   3.639E-06
 4000   100    24    0.140   4.362E-06
 4000   200    29    0.170   5.683E-06
 4000   400    14    0.080   7.271E-06
 4000   800    12    0.070   3.485E-05
 4000  1000    11    0.060   4.099E-05
10000   100    25    0.430   3.918E-06
10000   200    36    0.550   6.258E-06
10000   500    37    0.570   1.047E-05
10000  1000    14    0.220   7.703E-06
10000  2000     9    0.150   6.878E-06
50000   100    24    2.730   1.137E-05
50000   200    39    4.830   6.052E-06
50000   500    47    8.940   1.686E-06
50000  2000    14    5.790   6.971E-07
50000  5000    13    1.480   1.967E-05
