Chip: Xeon, 1.4 GHz, 256kB L2 cache
Operating System: Linux 2.4.18
Compiler: NAGware 4.2.490, -O4

Performance (TFQMR / SSOR)

 4000    50    22    0.150   6.845E-07
 4000   100    38    0.250   3.493E-08
 4000   200    50    0.330   1.847E-08
 4000   400    20    0.140   1.709E-06
 4000   800    16    0.120   8.728E-06
 4000  1000    16    0.120   4.329E-06
10000   100    30    0.560   3.591E-07
10000   200    54    0.990   8.809E-08
10000   500    52    0.960   1.662E-06
10000  1000    20    0.380   1.186E-06
10000  2000    12    0.240   3.996E-07
50000   100    30    3.190   3.437E-07
50000   200    68    7.130   1.428E-07
50000   500    80   14.700   1.082E-07
50000  2000    28   14.600   1.192E-07
50000  5000    16    1.780   4.971E-06

Performance (GMRES / SSOR)

 4000    50    18    0.150   3.639E-06
 4000   100    24    0.200   4.362E-06
 4000   200    29    0.260   5.683E-06
 4000   400    14    0.120   7.271E-06
 4000   800    12    0.100   3.485E-05
 4000  1000    11    0.090   4.099E-05
10000   100    25    0.600   3.918E-06
10000   200    36    0.890   6.258E-06
10000   500    37    0.920   1.047E-05
10000  1000    14    0.330   7.703E-06
10000  2000     9    0.230   6.878E-06
50000   100    24    3.670   1.137E-05
50000   200    39    6.500   6.052E-06
50000   500    47   12.000   1.686E-06
50000  2000    14    8.040   6.971E-07
50000  5000    13    2.010   1.967E-05
