Chip: Xeon, 1.7 GHz, 256kB L2 cache
Operating System: Win2kSP3, Cygwin 1.3.12
Compiler: Lahey 5.60h, -O1, -tpp

Performance (TFQMR / SSOR)

 4000    50    22    0.156   6.845E-07
 4000   100    38    0.250   3.493E-08
 4000   200    50    0.359   1.847E-08
 4000   400    20    0.156   1.709E-06
 4000   800    16    0.125   8.728E-06
 4000  1000    16    0.125   4.329E-06
10000   100    30    0.641   3.591E-07
10000   200    54    1.170   8.067E-08
10000   500    52    1.110   1.662E-06
10000  1000    20    0.453   1.186E-06
10000  2000    12    0.266   3.996E-07
50000   100    30    3.340   3.437E-07
50000   200    64    6.950   3.414E-07
50000   500    80   15.200   6.484E-08
50000  2000    28   15.000   1.191E-07
50000  5000    16    1.910   4.971E-06

Performance (GMRES / SSOR)

 4000    50    18    0.141   3.639E-06
 4000   100    24    0.203   4.362E-06
 4000   200    29    0.234   5.683E-06
 4000   400    14    0.125   7.271E-06
 4000   800    12    0.094   3.485E-05
 4000  1000    11    0.078   4.099E-05
10000   100    25    0.563   3.918E-06
10000   200    36    0.828   6.258E-06
10000   500    37    0.875   1.047E-05
10000  1000    14    0.344   7.703E-06
10000  2000     9    0.219   6.878E-06
50000   100    24    3.200   1.137E-05
50000   200    39    5.130   6.052E-06
50000   500    47   10.000   1.686E-06
50000  2000    14    7.750   6.971E-07
50000  5000    13    1.880   1.967E-05
